4098
4101
4102
2054
4104
2055
2056
4107
2060
4108
2062
2064
4112
4114
2066
4116
4117
2070
4119
4120
2072
4121
2069
2076
2077
4127
2080
2081
4130
4131
2084
2086
4135
4134
2088
2090
2091
4140
2092
2094
4144
2097
4146
4147
2100
4149
2096
4151
4152
2105
4150
4155
2046
2107
2110
2108
2112
4161
2114
2115
2113
2117
4166
4167
2120
4165
4164
2125
2126
2128
2129
4178
2131
4180
2132
2134
2133
2137
2139
2142
4191
2143
4193
4194
2146
2148
4197
2150
4201
2154
2155
4204
2153
2158
2159
4207
4209
2161
2162
4213
2169
2170
2171
4220
4221
2175
2176
4224
2178
4227
4228
4229
2177
4231
2179
2187
4236
2193
2195
4247
2199
2200
4250
2202
2204
2205
4255
2208
2209
2210
2211
4266
4267
4268
2221
2222
4270
2230
2232
4281
4282
4284
2237
4287
4288
4289
2245
4294
2247
2249
2253
4301
2254
4305
4307
2260
2261
4310
4313
2266
2267
2270
4319
2272
4322
2275
2276
4325
4327
2279
4329
2282
2284
2286
2287
4337
2291
2293
4343
2295
2298
4347
4354
4362
4363
2316
2322
2324
4372
2328
4380
2334
4386
4387
2338
4389
4390
4392
2347
4397
4399
4400
2353
4401
2355
2356
4403
2359
4408
2361
4410
4411
4409
2365
2362
2368
2369
2370
4418
2372
4421
2099
4423
4425
2378
2379
4428
2380
4430
2383
4433
4437
2390
4438
4440
2393
4443
2397
2398
4448
2401
4450
4449
4452
2405
2404
4455
2410
2411
2413
2414
2415
4462
4461
4466
2419
2420
4469
4471
2424
2423
4473
4475
2430
2431
2433
2437
4486
2439
2443
4491
4494
2447
2449
2450
2452
2459
4508
2461
2463
4153
4513
2466
4515
2468
4516
4518
4519
2472
4521
2476
4524
4528
2482
2485
4533
4535
2488
4537
2491
2492
4544
2498
4547
2500
4549
4553
4555
2508
2509
4560
4561
4562
4563
2516
2517
4566
4567
2514
2519
2522
4571
4573
4575
4577
2530
4579
2532
2533
2537
2539
2540
2543
4591
2545
4594
2546
2547
2544
2551
2552
2553
2555
4605
2558
4606
4607
4610
4612
2568
4617
4618
2571
2575
2579
4631
2583
2585
4633
2589
4638
2594
2595
4645
4648
4649
4652
2604
2606
4654
2608
4658
2613
2622
4672
2625
2626
2628
2629
4682
2635
4684
2636
2634
4687
4690
4691
2646
2647
4694
4698
4700
4701
2654
4702
4706
4707
4708
2660
4713
2668
4719
4720
4723
4724
2677
2678
2679
4727
2680
4731
2683
2685
2687
4735
4737
2691
2692
4742
4743
2694
4746
2699
2700
2701
2702
4751
2704
2706
4754
2707
4757
2710
4759
4756
2713
4763
2716
4765
4766
2719
2722
4771
2724
4772
2726
4775
2728
4777
4770
4779
2730
4776
4783
4784
4785
4787
2739
4788
2743
2745
2748
2751
2752
2754
4803
2756
2758
2759
4807
4809
4810
2760
2764
4812
2766
2765
2767
4818
4819
4820
2771
4822
4823
4824
2777
4828
4829
2781
4831
2782
4833
4830
4835
2787
2789
4837
2793
2794
4843
2796
4842
2803
2804
4852
2807
4856
4858
4859
2813
2815
4864
4865
2819
4868
2822
4871
2824
2823
2826
2827
4874
4878
2831
4880
4881
2835
2837
2838
4887
4888
4889
2842
4892
4893
2845
2848
2850
4900
4902
2859
2860
4908
2862
4911
4912
2863
2867
4916
2870
4920
4922
2874
4924
2876
4926
2877
2880
4923
2875
4932
2885
2886
4933
4936
2890
4940
2892
4942
4943
4944
2896
4946
4948
2901
2905
2906
4955
4956
2908
4959
4963
4965
2919
4971
2923
2924
2926
4975
2927
4977
2930
4976
2932
4980
4983
2935
4987
2941
4989
4991
4990
2945
4994
2947
2949
2950
2952
2956
2962
2963
2966
2969
2972
2976
2981
2983
2984
2985
2987
2988
2991
2993
2994
2997
2998
2999
3000
3004
3005
3011
3012
3018
3019
3021
3024
3034
3038
3039
3042
3043
3045
3047
3048
3053
3055
3058
3060
3061
3062
3064
3072
3075
3077
3078
3083
3087
3091
3093
3094
3095
3098
3099
3100
3101
3107
3109
3118
3123
3131
3138
3142
3145
3146
3150
3152
3153
3156
3165
3166
3167
3168
3171
3173
3177
3179
3182
3183
3188
3194
3198
3199
3205
3207
3208
3211
3214
3216
3219
3221
3223
3226
3230
3235
3236
3241
3242
3243
3245
3249
3254
3256
3259
3260
3264
3270
3274
3277
3278
3282
3284
3288
3292
3294
3295
3298
3302
3303
3304
3306
3307
3309
3311
3312
3314
3318
3319
3323
3324
3327
3328
3329
3332
3338
3340
3345
3347
3350
3358
3362
3372
3375
3376
3386
3397
3404
3405
3406
3407
3411
3412
3413
3414
3420
3430
3431
3433
3434
3435
3436
3437
3441
3442
3444
3447
3449
3450
3453
3454
3455
3456
3457
3459
3462
3465
3468
3471
3472
3479
3482
3483
3484
3487
3489
3491
3492
3501
3503
3505
3508
3510
3514
3521
3529
3547
3548
3556
3560
3562
3564
3565
3566
3568
3569
3571
3581
3584
3590
3591
3596
3598
3599
3601
3602
3605
3609
3610
3613
3618
3621
3622
3626
3628
3629
3631
3633
3634
3638
3640
3650
3652
3656
3657
3664
3668
3672
3673
3678
3686
3689
3691
3699
3700
3702
3703
3706
3707
3714
3716
3717
3718
3720
3721
3723
3725
3726
3728
3731
3732
3733
3734
3739
3740
3743
3745
3748
3749
3750
3751
3760
3761
3762
3767
3769
3772
3774
3779
3783
3787
3789
3792
3793
3798
3799
3801
3803
3805
3813
3816
3820
3824
3826
3837
3838
3844
3849
3850
3854
3855
3861
3864
3866
3867
3873
3882
3883
3887
3888
3889
3891
3893
3895
3900
3902
3903
3917
3921
3922
3924
3926
3927
3928
3929
3930
3932
3935
3938
3939
3940
3943
3945
3948
3952
3957
3959
3969
3972
3974
3977
3980
3982
3985
3988
3991
3997
4003
4004
4008
4009
4011
4012
4013
4014
4018
4021
4024
4027
4029
4030
4031
4033
4036
4039
4044
4046
4048
2000
4050
4051
4054
4059
4060
4062
4069
2022
4074
2026
4075
4077
4079
4080
4081
2034
2032
2036
4085
2040
2041
4092
4094